Date       Revenue ($)  Expenses ($)  Profit ($)
2023-01-01  50000       30000         20000
2023-01-02  48000       31000         17000
2023-01-03  52000       29000         23000
2023-01-04  55000       32000         23000
2023-01-05  49000       28000         21000
2023-01-06  51000       33000         18000
2023-01-07  53000       31000         22000
2023-01-08  54000       32000         22000
2023-01-09  56000       33000         23000
2023-01-10  57000       34000         23000
2023-01-11  58000       32000         26000
2023-01-12  59000       33000         26000
2023-01-13  57000       31000         26000
2023-01-14  60000       34000         26000
2023-01-15  62000       35000         27000
2023-01-16  63000       36000         27000
2023-01-17  64000       35000         29000
2023-01-18  66000       37000         29000
2023-01-19  67000       38000         29000
2023-01-20  69000       37000         32000
2023-01-21  70000       38000         32000
2023-01-22  72000       39000         33000
2023-01-23  74000       40000         34000
2023-01-24  75000       41000         34000
2023-01-25  77000       40000         37000
2023-01-26  78000       41000         37000
2023-01-27  80000       42000         38000
2023-01-28  82000       43000         39000
2023-01-29  83000       42000         41000
2023-01-30  85000       44000         41000
2023-01-31  86000       45000         41000
